uploads/dem_lem.asc
ncols         1338
nrows         631
xllcorner     773374.43166491
yllcorner     9236949.7381753
cellsize      25
NODATA_value  -9999
[rows 152 to 189 of 631, columns 510 to 594 of 1338]
1464 1466 1468 1469 1473 1473 1478 1483 1487 1488 1488 1486 1483 1486 1495 1495 1500 1501 1503 1505 1505 1506 1504 1504 1502 1500 1500 1492 1477 1478 1487 1487 1495 1499 1500 1506 1506 1516 1523 1527 1526 1526 1527 1533 1535 1536 1536 1536 1537 1534 1532 1533 1533 1534 1532 1527 1520 1520 1509 1506 1508 1513 1513 1518 1515 1510 1510 1510 1518 1522 1522 1519 1516 1516 1513 1509 1505 1504 1504 1508 1512 1514 1513 1513 1492
1458 1461 1463 1467 1471 1471 1474 1477 1477 1478 1478 1479 1475 1478 1488 1488 1494 1495 1496 1497 1497 1497 1498 1496 1494 1490 1490 1482 1471 1467 1474 1474 1485 1491 1496 1501 1501 1514 1519 1522 1520 1520 1521 1525 1528 1527 1527 1527 1531 1530 1525 1526 1526 1524 1522 1520 1510 1510 1500 1497 1501 1507 1507 1510 1507 1500 1504 1504 1513 1516 1514 1511 1507 1507 1504 1500 1495 1497 1497 1500 1506 1508 1498 1498 1489
1458 1461 1463 1467 1471 1471 1474 1477 1477 1478 1478 1479 1475 1478 1488 1488 1494 1495 1496 1497 1497 1497 1498 1496 1494 1490 1490 1482 1471 1467 1474 1474 1485 1491 1496 1501 1501 1514 1519 1522 1520 1520 1521 1525 1528 1527 1527 1527 1531 1530 1525 1526 1526 1524 1522 1520 1510 1510 1500 1497 1501 1507 1507 1510 1507 1500 1504 1504 1513 1516 1514 1511 1507 1507 1504 1500 1495 1497 1497 1500 1506 1508 1498 1498 1489
1455 1456 1457 1462 1468 1468 1472 1470 1469 1469 1469 1468 1467 1472 1479 1479 1485 1487 1487 1490 1490 1491 1492 1491 1487 1478 1478 1468 1456 1459 1466 1466 1475 1481 1489 1500 1500 1506 1515 1517 1515 1515 1517 1520 1522 1522 1522 1522 1524 1523 1519 1518 1518 1517 1517 1512 1502 1502 1494 1489 1490 1496 1496 1503 1497 1490 1494 1494 1504 1511 1509 1504 1500 1500 1498 1493 1489 1490 1490 1496 1500 1498 1488 1488 1480
1453 1453 1452 1455 1463 1463 1466 1463 1462 1462 1462 1462 1465 1470 1475 1475 1480 1480 1481 1484 1484 1488 1486 1482 1479 1468 1468 1450 1444 1452 1457 1457 1464 1472 1484 1496 1496 1501 1506 1506 1507 1507 1509 1513 1517 1519 1517 1517 1517 1516 1514 1511 1511 1512 1512 1508 1501 1501 1493 1482 1481 1488 1488 1497 1494 1485 1483 1483 1487 1500 1503 1499 1497 1497 1493 1488 1484 1484 1484 1489 1494 1490 1476 1476 1466
1449 1449 1450 1454 1461 1461 1460 1457 1457 1457 1457 1458 1465 1468 1472 1472 1473 1474 1476 1481 1481 1482 1478 1474 1468 1459 1459 1443 1438 1444 1449 1449 1456 1467 1485 1494 1494 1496 1498 1500 1500 1500 1503 1509 1513 1513 1511 1511 1508 1508 1507 1505 1505 1506 1505 1502 1497 1497 1486 1474 1474 1480 1480 1487 1488 1478 1474 1474 1479 1490 1495 1493 1491 1491 1488 1484 1481 1478 1478 1480 1488 1483 1472 1472 1457
1444 1445 1451 1454 1458 1458 1457 1451 1449 1447 1447 1452 1460 1463 1465 1465 1466 1467 1471 1476 1476 1477 1473 1468 1457 1451 1451 1439 1431 1434 1440 1440 1448 1461 1481 1492 1492 1493 1493 1493 1495 1495 1500 1506 1510 1509 1505 1505 1502 1503 1501 1499 1499 1500 1499 1498 1490 1490 1476 1466 1467 1471 1471 1478 1480 1472 1468 1468 1474 1483 1487 1486 1485 1485 1483 1481 1480 1475 1475 1481 1483 1476 1463 1463 1452
1444 1445 1451 1454 1458 1458 1457 1451 1449 1447 1447 1452 1460 1463 1465 1465 1466 1467 1471 1476 1476 1477 1473 1468 1457 1451 1451 1439 1431 1434 1440 1440 1448 1461 1481 1492 1492 1493 1493 1493 1495 1495 1500 1506 1510 1509 1505 1505 1502 1503 1501 1499 1499 1500 1499 1498 1490 1490 1476 1466 1467 1471 1471 1478 1480 1472 1468 1468 1474 1483 1487 1486 1485 1485 1483 1481 1480 1475 1475 1481 1483 1476 1463 1463 1452
1438 1443 1452 1456 1457 1457 1453 1444 1438 1440 1440 1446 1452 1456 1458 1458 1458 1462 1466 1471 1471 1470 1466 1460 1453 1446 1446 1430 1422 1426 1433 1433 1445 1464 1481 1487 1487 1488 1486 1486 1489 1489 1494 1499 1502 1500 1499 1499 1498 1498 1495 1493 1493 1493 1493 1492 1484 1484 1472 1462 1461 1466 1466 1469 1473 1466 1461 1461 1466 1476 1482 1482 1480 1480 1478 1477 1475 1473 1473 1476 1475 1469 1455 1455 1447
1432 1439 1450 1455 1455 1455 1449 1437 1431 1436 1436 1442 1445 1448 1453 1453 1457 1459 1462 1466 1466 1465 1459 1454 1445 1437 1437 1422 1416 1416 1421 1421 1440 1466 1476 1480 1480 1481 1481 1480 1483 1483 1490 1493 1492 1493 1494 1494 1492 1493 1488 1487 1487 1488 1487 1486 1483 1483 1472 1459 1453 1455 1455 1460 1462 1459 1455 1455 1459 1468 1476 1477 1476 1476 1474 1470 1468 1468 1468 1469 1469 1461 1452 1452 1440
1427 1433 1443 1452 1447 1447 1441 1427 1426 1430 1430 1435 1438 1441 1448 1448 1455 1456 1458 1461 1461 1460 1455 1448 1439 1422 1422 1411 1405 1409 1417 1417 1436 1461 1470 1471 1471 1475 1476 1477 1481 1481 1487 1490 1491 1490 1490 1490 1489 1487 1483 1482 1482 1483 1483 1482 1483 1483 1473 1455 1445 1445 1445 1443 1445 1451 1448 1448 1452 1463 1467 1469 1468 1468 1466 1461 1461 1462 1462 1462 1461 1456 1446 1446 1432
1424 1430 1437 1442 1437 1437 1426 1418 1419 1421 1421 1425 1432 1436 1443 1443 1449 1452 1453 1456 1456 1456 1452 1447 1432 1411 1411 1399 1398 1405 1415 1415 1429 1453 1463 1465 1465 1467 1471 1476 1481 1481 1484 1486 1487 1485 1486 1486 1485 1482 1477 1474 1474 1475 1476 1478 1480 1480 1471 1453 1438 1433 1433 1433 1435 1445 1445 1445 1447 1455 1461 1461 1461 1461 1461 1457 1458 1458 1458 1457 1453 1447 1436 1436 1423
1424 1430 1437 1442 1437 1437 1426 1418 1419 1421 1421 1425 1432 1436 1443 1443 1449 1452 1453 1456 1456 1456 1452 1447 1432 1411 1411 1399 1398 1405 1415 1415 1429 1453 1463 1465 1465 1467 1471 1476 1481 1481 1484 1486 1487 1485 1486 1486 1485 1482 1477 1474 1474 1475 1476 1478 1480 1480 1471 1453 1438 1433 1433 1433 1435 1445 1445 1445 1447 1455 1461 1461 1461 1461 1461 1457 1458 1458 1458 1457 1453 1447 1436 1436 1423
1419 1425 1431 1432 1424 1424 1418 1415 1416 1417 1417 1423 1431 1437 1440 1440 1445 1447 1448 1449 1449 1449 1446 1439 1424 1402 1402 1394 1395 1401 1417 1417 1437 1452 1460 1458 1458 1461 1466 1471 1477 1477 1480 1481 1480 1480 1480 1480 1480 1477 1470 1465 1465 1465 1467 1470 1472 1472 1464 1446 1429 1420 1420 1420 1424 1439 1441 1441 1442 1448 1453 1455 1456 1456 1452 1453 1454 1454 1454 1453 1448 1440 1430 1430 1420
1416 1423 1428 1427 1422 1422 1417 1413 1411 1415 1415 1422 1432 1437 1439 1439 1441 1444 1445 1445 1445 1443 1439 1433 1420 1398 1398 1392 1390 1398 1422 1422 1441 1451 1455 1455 1455 1457 1462 1467 1472 1472 1475 1474 1474 1476 1476 1476 1474 1472 1466 1459 1459 1458 1457 1457 1460 1460 1454 1435 1419 1411 1411 1407 1410 1428 1433 1433 1433 1437 1445 1452 1451 1451 1449 1450 1450 1450 1450 1448 1441 1432 1418 1418 1412
1414 1421 1426 1424 1416 1416 1412 1407 1407 1412 1412 1420 1427 1432 1435 1435 1436 1436 1438 1440 1440 1438 1434 1424 1405 1394 1394 1385 1389 1404 1426 1426 1443 1447 1448 1448 1448 1451 1459 1464 1467 1467 1469 1467 1467 1470 1472 1472 1471 1467 1460 1453 1453 1450 1449 1449 1451 1451 1446 1428 1415 1405 1405 1400 1403 1419 1429 1429 1426 1426 1436 1447 1448 1448 1448 1448 1448 1447 1447 1442 1434 1423 1413 1413 1406
1410 1418 1421 1416 1409 1409 1404 1402 1405 1411 1411 1417 1422 1426 1428 1428 1428 1429 1431 1433 1433 1431 1428 1418 1405 1392 1392 1386 1393 1409 1427 1427 1439 1442 1444 1446 1446 1448 1454 1460 1464 1464 1463 1459 1461 1467 1469 1469 1467 1461 1450 1442 1442 1441 1443 1446 1446 1446 1440 1426 1415 1401 1401 1392 1404 1421 1428 1428 1425 1423 1439 1443 1445 1445 1447 1444 1445 1441 1441 1433 1423 1411 1403 1403 1402
1410 1418 1421 1416 1409 1409 1404 1402 1405 1411 1411 1417 1422 1426 1428 1428 1428 1429 1431 1433 1433 1431 1428 1418 1405 1392 1392 1386 1393 1409 1427 1427 1439 1442 1444 1446 1446 1448 1454 1460 1464 1464 1463 1459 1461 1467 1469 1469 1467 1461 1450 1442 1442 1441 1443 1446 1446 1446 1440 1426 1415 1401 1401 1392 1404 1421 1428 1428 1425 1423 1439 1443 1445 1445 1447 1444 1445 1441 1441 1433 1423 1411 1403 1403 1402
1408 1413 1413 1408 1401 1401 1397 1397 1402 1409 1409 1417 1422 1422 1422 1422 1421 1425 1427 1429 1429 1426 1423 1415 1402 1389 1389 1386 1393 1409 1425 1425 1435 1440 1441 1443 1443 1444 1447 1455 1459 1459 1457 1454 1458 1464 1466 1466 1462 1456 1441 1431 1431 1429 1434 1438 1439 1439 1436 1425 1407 1391 1391 1388 1404 1421 1425 1425 1418 1417 1432 1437 1442 1442 1444 1442 1441 1438 1438 1429 1412 1400 1393 1393 1394
1406 1409 1407 1400 1396 1396 1394 1394 1400 1409 1409 1417 1420 1417 1416 1416 1417 1420 1425 1425 1425 1423 1418 1411 1398 1386 1386 1386 1397 1412 1427 1427 1437 1438 1438 1439 1439 1441 1445 1449 1452 1452 1448 1450 1455 1459 1459 1459 1458 1452 1437 1423 1423 1418 1418 1424 1432 1432 1431 1422 1405 1389 1389 1385 1392 1415 1420 1420 1411 1409 1422 1435 1441 1441 1442 1438 1439 1437 1437 1429 1414 1392 1380 1380 1389
1403 1404 1401 1395 1391 1391 1390 1393 1399 1407 1407 1411 1414 1411 1411 1411 1414 1416 1420 1419 1419 1416 1412 1403 1386 1379 1379 1382 1399 1418 1429 1429 1433 1432 1435 1438 1438 1440 1441 1444 1445 1445 1443 1446 1451 1453 1455 1455 1454 1446 1433 1420 1420 1411 1409 1414 1425 1425 1426 1415 1403 1391 1391 1384 1385 1400 1409 1409 1402 1407 1421 1433 1440 1440 1438 1434 1433 1436 1436 1431 1415 1392 1375 1375 1379
1399 1398 1395 1390 1386 1386 1386 1390 1396 1400 1400 1403 1407 1407 1408 1408 1410 1411 1412 1412 1412 1411 1404 1389 1375 1376 1376 1383 1398 1417 1426 1426 1429 1428 1432 1436 1436 1437 1437 1439 1441 1441 1439 1442 1446 1448 1451 1451 1448 1443 1432 1414 1414 1402 1399 1407 1416 1416 1420 1414 1401 1388 1388 1379 1375 1384 1401 1401 1403 1404 1414 1429 1434 1434 1434 1429 1429 1431 1431 1428 1416 1397 1379 1379 1372
1390 1393 1391 1386 1381 1381 1382 1388 1392 1395 1395 1398 1402 1404 1402 1402 1405 1406 1408 1408 1408 1405 1394 1380 1371 1374 1374 1384 1400 1418 1423 1423 1426 1428 1430 1433 1433 1434 1434 1437 1436 1436 1435 1437 1440 1443 1443 1443 1444 1437 1427 1412 1412 1401 1395 1399 1408 1408 1416 1415 1401 1387 1387 1373 1372 1392 1401 1401 1401 1399 1408 1420 1426 1426 1426 1426 1426 1426 1426 1422 1408 1395 1376 1376 1367
1390 1393 1391 1386 1381 1381 1382 1388 1392 1395 1395 1398 1402 1404 1402 1402 1405 1406 1408 1408 1408 1405 1394 1380 1371 1374 1374 1384 1400 1418 1423 1423 1426 1428 1430 1433 1433 1434 1434 1437 1436 1436 1435 1437 1440 1443 1443 1443 1444 1437 1427 1412 1412 1401 1395 1399 1408 1408 1416 1415 1401 1387 1387 1373 1372 1392 1401 1401 1401 1399 1408 1420 1426 1426 1426 1426 1426 1426 1426 1422 1408 1395 1376 1376 1367
1387 1391 1391 1384 1380 1380 1382 1386 1391 1393 1393 1396 1402 1400 1399 1399 1400 1402 1404 1405 1405 1401 1386 1373 1369 1379 1379 1393 1407 1417 1422 1422 1423 1425 1428 1429 1429 1429 1431 1434 1434 1434 1430 1431 1435 1437 1438 1438 1435 1429 1420 1413 1413 1402 1391 1391 1399 1399 1411 1411 1399 1378 1378 1366 1378 1388 1393 1393 1391 1391 1396 1409 1416 1416 1419 1422 1424 1420 1420 1415 1403 1384 1369 1369 1365
1384 1387 1387 1381 1377 1377 1381 1384 1388 1391 1391 1395 1398 1398 1395 1395 1396 1398 1401 1401 1401 1393 1380 1369 1372 1382 1382 1402 1409 1416 1418 1418 1418 1421 1422 1421 1421 1424 1428 1431 1430 1430 1426 1424 1427 1432 1433 1433 1428 1422 1418 1410 1410 1398 1386 1384 1393 1393 1405 1406 1390 1370 1370 1368 1378 1385 1392 1392 1388 1386 1396 1407 1412 1412 1415 1419 1420 1417 1417 1411 1398 1376 1360 1360 1363
1382 1384 1381 1375 1374 1374 1378 1382 1386 1390 1390 1393 1396 1394 1392 1392 1393 1396 1398 1396 1396 1387 1376 1369 1373 1384 1384 1396 1406 1410 1412 1412 1413 1416 1415 1415 1415 1417 1423 1426 1425 1425 1422 1417 1420 1426 1428 1428 1425 1419 1413 1404 1404 1392 1381 1380 1390 1390 1399 1398 1387 1370 1370 1365 1374 1388 1393 1393 1388 1385 1388 1398 1408 1408 1411 1415 1419 1415 1415 1407 1394 1371 1355 1355 1356
1379 1381 1379 1372 1371 1371 1375 1379 1384 1387 1387 1390 1392 1391 1391 1391 1391 1393 1393 1389 1389 1382 1371 1368 1372 1380 1380 1396 1404 1406 1407 1407 1408 1411 1413 1412 1412 1414 1416 1417 1419 1419 1416 1411 1412 1417 1421 1421 1419 1414 1405 1398 1398 1387 1379 1379 1387 1387 1396 1395 1387 1357 1357 1357 1366 1384 1391 1391 1385 1379 1382 1393 1403 1403 1407 1412 1414 1410 1410 1404 1391 1367 1351 1351 1353
1379 1381 1379 1372 1371 1371 1375 1379 1384 1387 1387 1390 1392 1391 1391 1391 1391 1393 1393 1389 1389 1382 1371 1368 1372 1380 1380 1396 1404 1406 1407 1407 1408 1411 1413 1412 1412 1414 1416 1417 1419 1419 1416 1411 1412 1417 1421 1421 1419 1414 1405 1398 1398 1387 1379 1379 1387 1387 1396 1395 1387 1357 1357 1357 1366 1384 1391 1391 1385 1379 1382 1393 1403 1403 1407 1412 1414 1410 1410 1404 1391 1367 1351 1351 1353
1377 1380 1376 1371 1367 1367 1369 1375 1381 1385 1385 1386 1386 1388 1388 1388 1387 1387 1387 1385 1385 1374 1364 1362 1368 1381 1381 1394 1399 1400 1404 1404 1406 1410 1411 1410 1410 1411 1412 1413 1411 1411 1408 1403 1404 1407 1408 1408 1408 1405 1398 1391 1391 1383 1374 1376 1387 1387 1392 1390 1375 1359 1359 1351 1358 1373 1380 1380 1376 1373 1376 1388 1398 1398 1405 1411 1412 1410 1410 1401 1385 1359 1348 1348 1346
1375 1377 1376 1369 1365 1365 1366 1372 1379 1382 1382 1382 1383 1386 1385 1385 1383 1385 1385 1378 1378 1366 1356 1359 1368 1385 1385 1392 1392 1396 1401 1401 1405 1407 1407 1408 1408 1407 1408 1407 1404 1404 1402 1399 1397 1399 1402 1402 1403 1399 1393 1385 1385 1377 1369 1373 1383 1383 1385 1382 1376 1362 1362 1354 1360 1371 1377 1377 1370 1367 1371 1385 1396 1396 1403 1406 1409 1405 1405 1398 1383 1361 1342 1342 1344
1371 1374 1374 1369 1364 1364 1365 1370 1374 1377 1377 1378 1381 1382 1381 1381 1382 1383 1381 1371 1371 1358 1352 1357 1370 1387 1387 1392 1392 1394 1398 1398 1400 1400 1401 1403 1403 1403 1402 1398 1398 1398 1399 1397 1393 1395 1398 1398 1399 1394 1388 1381 1381 1372 1364 1372 1378 1378 1380 1375 1366 1355 1355 1353 1357 1371 1373 1373 1368 1362 1370 1382 1393 1393 1398 1400 1398 1397 1397 1394 1382 1357 1339 1339 1340
1369 1371 1370 1365 1360 1360 1363 1369 1370 1371 1371 1373 1377 1379 1379 1379 1380 1381 1375 1366 1366 1358 1353 1358 1372 1389 1389 1394 1392 1393 1395 1395 1396 1396 1396 1398 1398 1400 1397 1393 1395 1395 1395 1391 1389 1390 1393 1393 1395 1392 1385 1380 1380 1370 1364 1372 1377 1377 1375 1370 1362 1350 1350 1344 1352 1361 1366 1366 1362 1358 1370 1381 1389 1389 1392 1392 1392 1392 1392 1390 1380 1365 1351 1351 1343
1369 1371 1370 1365 1360 1360 1363 1369 1370 1371 1371 1373 1377 1379 1379 1379 1380 1381 1375 1366 1366 1358 1353 1358 1372 1389 1389 1394 1392 1393 1395 1395 1396 1396 1396 1398 1398 1400 1397 1393 1395 1395 1395 1391 1389 1390 1393 1393 1395 1392 1385 1380 1380 1370 1364 1372 1377 1377 1375 1370 1362 1350 1350 1344 1352 1361 1366 1366 1362 1358 1370 1381 1389 1389 1392 1392 1392 1392 1392 1390 1380 1365 1351 1351 1343
1367 1368 1369 1362 1358 1358 1361 1365 1367 1368 1368 1370 1374 1376 1377 1377 1377 1377 1371 1360 1360 1353 1351 1361 1379 1391 1391 1394 1393 1391 1392 1392 1391 1389 1393 1396 1396 1397 1395 1391 1392 1392 1391 1385 1382 1384 1389 1389 1390 1386 1384 1379 1379 1368 1360 1368 1371 1371 1370 1367 1361 1348 1348 1343 1347 1358 1362 1362 1356 1358 1369 1381 1386 1386 1387 1386 1387 1387 1387 1385 1380 1373 1363 1363 1347
1368 1368 1367 1361 1357 1357 1360 1365 1366 1366 1366 1368 1370 1372 1373 1373 1373 1374 1365 1351 1351 1347 1353 1367 1379 1388 1388 1391 1390 1389 1389 1389 1387 1387 1390 1392 1392 1394 1392 1388 1389 1389 1388 1384 1382 1381 1383 1383 1385 1382 1380 1374 1374 1361 1357 1366 1368 1368 1367 1365 1359 1346 1346 1337 1343 1354 1360 1360 1354 1358 1368 1376 1382 1382 1383 1382 1383 1382 1382 1381 1378 1374 1363 1363 1353
1368 1368 1364 1361 1360 1360 1361 1363 1363 1362 1362 1364 1367 1369 1369 1369 1369 1368 1357 1344 1344 1344 1349 1364 1376 1383 1383 1386 1387 1388 1388 1388 1387 1386 1387 1386 1386 1386 1387 1387 1387 1387 1386 1383 1381 1377 1378 1378 1380 1379 1376 1368 1368 1355 1356 1361 1364 1364 1365 1363 1356 1342 1342 1332 1338 1347 1350 1350 1349 1354 1362 1372 1378 1378 1380 1380 1381 1380 1380 1378 1377 1371 1365 1365 1357
1368 1366 1362 1362 1361 1361 1359 1359 1360 1360 1360 1363 1366 1367 1366 1366 1366 1363 1352 1343 1343 1343 1351 1361 1371 1379 1379 1381 1383 1383 1384 1384 1386 1385 1383 1383 1383 1383 1384 1383 1383 1383 1381 1380 1377 1372 1372 1372 1375 1375 1372 1364 1364 1345 1349 1357 1360 1360 1360 1359 1355 1341 1341 1332 1335 1341 1346 1346 1346 1349 1355 1367 1374 1374 1376 1376 1377 1376 1376 1375 1374 1371 1365 1365 1358
