uploads/dem_lem.asc
ncols         1338
nrows         631
xllcorner     773374.43166491
yllcorner     9236949.7381753
cellsize      25
NODATA_value  -9999
[rows 456 to 493 of 631, columns 850 to 934 of 1338]
1187 1194 1201 1204 1204 1201 1193 1183 1179 1179 1179 1174 1161 1151 1151 1135 1122 1115 1108 1100 1100 1085 1075 1074 1081 1081 1093 1106 1120 1134 1134 1136 1132 1130 1132 1132 1142 1152 1161 1170 1177 1177 1177 1168 1154 1148 1148 1148 1155 1167 1180 1180 1188 1186 1176 1157 1157 1147 1138 1134 1129 1129 1126 1125 1131 1139 1138 1138 1134 1129 1129 1136 1136 1148 1156 1163 1168 1168 1173 1177 1176 1172 1172 1165 1162
1184 1191 1199 1200 1200 1197 1185 1174 1169 1169 1169 1163 1149 1142 1142 1127 1115 1107 1101 1092 1092 1078 1070 1069 1079 1079 1093 1106 1117 1127 1127 1129 1125 1122 1128 1128 1138 1148 1157 1168 1175 1175 1179 1166 1151 1142 1142 1142 1146 1154 1169 1169 1180 1181 1162 1154 1154 1146 1139 1135 1129 1129 1126 1121 1123 1128 1130 1130 1129 1128 1130 1135 1135 1145 1155 1160 1166 1166 1170 1175 1176 1173 1173 1166 1162
1180 1189 1194 1194 1194 1191 1178 1168 1162 1162 1156 1149 1137 1125 1125 1117 1105 1097 1090 1083 1083 1070 1065 1068 1077 1077 1088 1101 1114 1119 1119 1123 1120 1120 1125 1125 1134 1144 1155 1167 1175 1175 1174 1161 1148 1138 1138 1137 1143 1154 1167 1167 1177 1174 1163 1158 1158 1149 1143 1139 1138 1138 1131 1122 1120 1122 1124 1124 1125 1124 1128 1139 1139 1148 1152 1155 1158 1158 1162 1170 1176 1174 1174 1167 1163
1182 1189 1191 1189 1189 1181 1172 1161 1151 1151 1142 1134 1123 1116 1116 1106 1095 1087 1082 1074 1074 1062 1057 1063 1075 1075 1083 1092 1105 1113 1113 1117 1117 1117 1123 1123 1134 1146 1154 1165 1171 1171 1167 1156 1144 1137 1137 1135 1142 1155 1169 1169 1181 1177 1167 1160 1160 1153 1147 1145 1143 1143 1136 1128 1124 1121 1121 1121 1120 1120 1126 1138 1138 1146 1146 1147 1149 1149 1158 1169 1175 1174 1174 1168 1165
1188 1190 1188 1183 1183 1175 1165 1149 1142 1142 1131 1123 1114 1107 1107 1097 1088 1081 1073 1065 1065 1055 1054 1062 1071 1071 1080 1085 1099 1106 1106 1108 1107 1113 1120 1120 1132 1145 1153 1162 1165 1165 1163 1155 1139 1135 1135 1134 1141 1153 1174 1174 1178 1178 1171 1163 1163 1156 1154 1156 1147 1147 1139 1132 1126 1121 1117 1117 1116 1117 1123 1135 1135 1141 1143 1144 1150 1150 1161 1170 1172 1171 1171 1169 1166
1189 1189 1184 1177 1177 1168 1157 1145 1137 1137 1126 1118 1104 1097 1097 1090 1085 1079 1067 1057 1057 1051 1050 1055 1069 1069 1076 1085 1092 1097 1097 1097 1097 1103 1116 1116 1129 1142 1151 1157 1159 1159 1158 1150 1137 1132 1132 1131 1136 1160 1168 1168 1174 1178 1177 1166 1166 1161 1160 1158 1152 1152 1144 1133 1123 1116 1114 1114 1115 1117 1121 1128 1128 1137 1144 1148 1154 1154 1163 1168 1168 1166 1166 1164 1162
1189 1189 1184 1177 1177 1168 1157 1145 1137 1137 1126 1118 1104 1097 1097 1090 1085 1079 1067 1057 1057 1051 1050 1055 1069 1069 1076 1085 1092 1097 1097 1097 1097 1103 1116 1116 1129 1142 1151 1157 1159 1159 1158 1150 1137 1132 1132 1131 1136 1160 1168 1168 1174 1178 1177 1166 1166 1161 1160 1158 1152 1152 1144 1133 1123 1116 1114 1114 1115 1117 1121 1128 1128 1137 1144 1148 1154 1154 1163 1168 1168 1166 1166 1164 1162
1188 1182 1177 1169 1169 1157 1148 1144 1133 1133 1122 1113 1098 1091 1091 1085 1080 1073 1062 1052 1052 1046 1045 1054 1065 1065 1076 1084 1088 1089 1089 1093 1093 1100 1113 1113 1123 1134 1146 1154 1156 1156 1154 1146 1135 1126 1126 1125 1142 1153 1165 1165 1173 1178 1177 1165 1165 1160 1157 1152 1144 1144 1141 1129 1120 1113 1113 1113 1115 1118 1121 1127 1127 1135 1143 1150 1155 1155 1163 1165 1163 1159 1159 1156 1157
1181 1175 1169 1158 1158 1147 1141 1137 1129 1129 1118 1110 1098 1089 1089 1077 1074 1067 1058 1050 1050 1044 1043 1054 1068 1068 1076 1080 1081 1083 1083 1092 1098 1105 1111 1111 1118 1128 1136 1149 1151 1151 1148 1141 1130 1120 1120 1121 1139 1150 1164 1164 1172 1175 1173 1162 1162 1156 1149 1141 1136 1136 1131 1124 1118 1111 1111 1111 1114 1118 1125 1133 1133 1138 1144 1146 1152 1152 1157 1157 1155 1152 1152 1151 1153
1174 1167 1160 1149 1149 1138 1133 1126 1121 1121 1116 1108 1101 1090 1090 1077 1070 1063 1055 1047 1047 1041 1045 1056 1066 1066 1073 1076 1076 1080 1080 1091 1101 1105 1108 1108 1113 1121 1129 1137 1139 1139 1138 1133 1122 1115 1115 1126 1137 1151 1164 1164 1170 1172 1170 1161 1161 1152 1146 1138 1131 1131 1128 1124 1118 1111 1111 1111 1113 1118 1126 1134 1134 1140 1144 1146 1150 1150 1151 1150 1149 1147 1147 1147 1151
1167 1160 1150 1138 1138 1128 1117 1112 1110 1110 1110 1106 1098 1090 1090 1079 1069 1063 1053 1042 1042 1036 1040 1054 1063 1063 1068 1070 1071 1078 1078 1088 1098 1101 1101 1101 1103 1110 1118 1123 1125 1125 1126 1121 1114 1113 1113 1122 1133 1151 1163 1163 1168 1168 1165 1160 1160 1153 1147 1137 1132 1132 1130 1125 1119 1112 1110 1110 1110 1114 1120 1128 1128 1136 1142 1146 1147 1147 1146 1144 1143 1142 1142 1145 1150
1167 1160 1150 1138 1138 1128 1117 1112 1110 1110 1110 1106 1098 1090 1090 1079 1069 1063 1053 1042 1042 1036 1040 1054 1063 1063 1068 1070 1071 1078 1078 1088 1098 1101 1101 1101 1103 1110 1118 1123 1125 1125 1126 1121 1114 1113 1113 1122 1133 1151 1163 1163 1168 1168 1165 1160 1160 1153 1147 1137 1132 1132 1130 1125 1119 1112 1110 1110 1110 1114 1120 1128 1128 1136 1142 1146 1147 1147 1146 1144 1143 1142 1142 1145 1150
1160 1151 1140 1131 1131 1119 1106 1100 1098 1098 1100 1096 1091 1086 1086 1078 1069 1061 1050 1037 1037 1030 1035 1053 1061 1061 1064 1065 1065 1073 1073 1081 1089 1092 1093 1093 1093 1095 1103 1111 1114 1114 1113 1109 1107 1112 1112 1122 1135 1147 1155 1155 1163 1161 1160 1159 1159 1153 1150 1146 1144 1144 1141 1136 1130 1119 1111 1111 1107 1109 1115 1125 1125 1131 1138 1143 1141 1141 1138 1137 1137 1140 1140 1146 1150
1149 1141 1131 1124 1124 1108 1094 1086 1085 1085 1090 1089 1086 1084 1084 1074 1065 1055 1040 1031 1031 1029 1036 1051 1059 1059 1061 1059 1060 1066 1066 1074 1081 1083 1082 1082 1082 1083 1090 1095 1099 1099 1101 1099 1103 1110 1110 1125 1139 1147 1155 1155 1160 1158 1157 1154 1154 1152 1152 1153 1152 1152 1148 1147 1140 1128 1112 1112 1109 1109 1115 1124 1124 1130 1135 1135 1131 1131 1132 1132 1134 1141 1141 1148 1152
1141 1132 1121 1112 1112 1094 1083 1077 1076 1076 1077 1083 1081 1081 1081 1073 1062 1049 1035 1028 1028 1028 1038 1049 1055 1055 1055 1053 1053 1060 1060 1069 1076 1078 1072 1072 1070 1072 1076 1080 1081 1081 1091 1095 1101 1111 1111 1127 1140 1148 1154 1154 1158 1154 1152 1150 1150 1148 1148 1149 1149 1149 1149 1148 1139 1121 1113 1113 1110 1109 1116 1123 1123 1128 1130 1125 1124 1124 1128 1133 1138 1146 1146 1150 1153
1128 1122 1115 1103 1103 1082 1076 1071 1066 1066 1068 1072 1074 1074 1074 1068 1060 1046 1034 1028 1028 1028 1034 1045 1051 1051 1050 1047 1048 1053 1053 1064 1072 1072 1064 1064 1059 1060 1062 1064 1075 1075 1087 1098 1104 1116 1116 1128 1139 1147 1153 1153 1154 1153 1150 1149 1149 1145 1143 1144 1147 1147 1148 1145 1138 1124 1115 1115 1109 1105 1109 1114 1114 1117 1118 1114 1117 1117 1127 1135 1144 1148 1148 1150 1152
1128 1122 1115 1103 1103 1082 1076 1071 1066 1066 1068 1072 1074 1074 1074 1068 1060 1046 1034 1028 1028 1028 1034 1045 1051 1051 1050 1047 1048 1053 1053 1064 1072 1072 1064 1064 1059 1060 1062 1064 1075 1075 1087 1098 1104 1116 1116 1128 1139 1147 1153 1153 1154 1153 1150 1149 1149 1145 1143 1144 1147 1147 1148 1145 1138 1124 1115 1115 1109 1105 1109 1114 1114 1117 1118 1114 1117 1117 1127 1135 1144 1148 1148 1150 1152
1121 1116 1107 1098 1098 1082 1072 1063 1059 1059 1060 1065 1068 1069 1069 1065 1057 1042 1032 1026 1026 1023 1029 1041 1047 1047 1047 1043 1042 1047 1047 1057 1065 1065 1061 1061 1054 1050 1050 1054 1073 1073 1092 1102 1111 1122 1122 1131 1136 1142 1151 1151 1153 1152 1150 1148 1148 1144 1140 1139 1140 1140 1140 1141 1139 1130 1121 1121 1111 1102 1101 1104 1104 1106 1106 1108 1113 1113 1123 1134 1143 1147 1147 1148 1148
1114 1108 1101 1094 1094 1079 1070 1060 1056 1056 1055 1060 1065 1067 1067 1063 1052 1039 1031 1022 1022 1020 1025 1035 1042 1042 1041 1036 1035 1041 1041 1050 1058 1062 1058 1058 1049 1041 1042 1063 1079 1079 1093 1102 1106 1118 1118 1125 1130 1136 1144 1144 1148 1147 1145 1145 1145 1144 1138 1136 1134 1134 1134 1137 1138 1134 1124 1124 1111 1102 1100 1101 1101 1100 1097 1098 1106 1106 1115 1128 1138 1143 1143 1142 1139
1100 1095 1091 1086 1086 1077 1068 1059 1054 1054 1053 1055 1059 1061 1061 1058 1048 1037 1031 1022 1022 1016 1023 1029 1036 1036 1036 1030 1029 1034 1034 1043 1051 1055 1053 1053 1044 1036 1050 1068 1077 1077 1088 1097 1104 1111 1111 1117 1120 1125 1131 1131 1136 1137 1138 1142 1142 1145 1144 1137 1132 1132 1131 1130 1130 1128 1122 1122 1114 1105 1099 1098 1098 1096 1090 1090 1098 1098 1108 1121 1134 1142 1142 1137 1131
1086 1083 1082 1079 1079 1072 1066 1060 1055 1055 1052 1052 1054 1055 1055 1052 1044 1035 1028 1019 1019 1014 1019 1026 1033 1033 1033 1028 1025 1029 1029 1036 1042 1048 1046 1046 1039 1036 1051 1064 1072 1072 1079 1089 1096 1102 1102 1110 1113 1116 1121 1121 1124 1129 1134 1142 1142 1150 1150 1142 1135 1135 1129 1125 1122 1120 1121 1121 1117 1113 1108 1102 1102 1096 1091 1086 1091 1091 1105 1119 1130 1136 1136 1133 1127
1086 1083 1082 1079 1079 1072 1066 1060 1055 1055 1052 1052 1054 1055 1055 1052 1044 1035 1028 1019 1019 1014 1019 1026 1033 1033 1033 1028 1025 1029 1029 1036 1042 1048 1046 1046 1039 1036 1051 1064 1072 1072 1079 1089 1096 1102 1102 1110 1113 1116 1121 1121 1124 1129 1134 1142 1142 1150 1150 1142 1135 1135 1129 1125 1122 1120 1121 1121 1117 1113 1108 1102 1102 1096 1091 1086 1091 1091 1105 1119 1130 1136 1136 1133 1127
1079 1075 1072 1070 1070 1068 1064 1060 1057 1057 1049 1046 1048 1048 1048 1046 1039 1029 1020 1012 1012 1010 1015 1023 1030 1030 1031 1026 1021 1022 1022 1029 1035 1041 1038 1038 1024 1028 1044 1055 1064 1064 1071 1078 1087 1094 1094 1102 1109 1111 1114 1114 1121 1129 1136 1145 1145 1151 1152 1145 1136 1136 1127 1122 1118 1117 1118 1118 1118 1117 1116 1109 1109 1099 1092 1086 1092 1092 1103 1114 1127 1136 1136 1135 1129
1078 1069 1063 1059 1059 1061 1059 1058 1056 1056 1047 1040 1041 1042 1042 1041 1034 1022 1011 1004 1004 1005 1012 1022 1028 1028 1028 1024 1017 1017 1017 1021 1027 1034 1026 1026 1016 1018 1032 1045 1058 1058 1068 1077 1085 1093 1093 1098 1104 1109 1114 1114 1123 1133 1142 1148 1148 1151 1152 1146 1141 1141 1133 1123 1115 1114 1115 1115 1115 1116 1116 1109 1109 1103 1095 1087 1089 1089 1100 1113 1124 1132 1132 1134 1130
1074 1066 1059 1054 1054 1052 1052 1053 1052 1052 1045 1036 1036 1038 1038 1038 1033 1021 1008 999 999 1000 1009 1017 1020 1020 1020 1018 1014 1009 1009 1013 1019 1029 1022 1022 1012 1014 1023 1035 1055 1055 1066 1074 1086 1095 1095 1101 1109 1115 1122 1122 1128 1138 1148 1150 1150 1150 1148 1143 1141 1141 1139 1130 1118 1112 1110 1110 1110 1110 1111 1105 1105 1101 1095 1085 1085 1085 1096 1106 1119 1130 1130 1134 1131
1071 1068 1060 1052 1052 1047 1044 1044 1044 1044 1040 1035 1032 1033 1033 1036 1034 1025 1008 998 998 997 1004 1009 1010 1010 1011 1007 1002 1002 1002 1007 1013 1022 1017 1017 1008 1013 1017 1033 1050 1050 1063 1075 1086 1100 1100 1109 1115 1124 1130 1130 1136 1144 1148 1149 1149 1147 1140 1134 1137 1137 1141 1135 1124 1113 1107 1107 1104 1102 1101 1097 1097 1095 1089 1082 1085 1085 1094 1101 1116 1126 1126 1133 1130
1071 1068 1060 1052 1052 1047 1044 1044 1044 1044 1040 1035 1032 1033 1033 1036 1034 1025 1008 998 998 997 1004 1009 1010 1010 1011 1007 1002 1002 1002 1007 1013 1022 1017 1017 1008 1013 1017 1033 1050 1050 1063 1075 1086 1100 1100 1109 1115 1124 1130 1130 1136 1144 1148 1149 1149 1147 1140 1134 1137 1137 1141 1135 1124 1113 1107 1107 1104 1102 1101 1097 1097 1095 1089 1082 1085 1085 1094 1101 1116 1126 1126 1133 1130
1070 1067 1060 1054 1054 1048 1042 1038 1036 1036 1036 1033 1029 1029 1029 1031 1031 1024 1010 1003 1003 997 999 1000 1001 1001 1001 998 994 991 991 996 1011 1011 1009 1009 1007 1010 1018 1034 1051 1051 1064 1077 1086 1097 1097 1108 1118 1125 1133 1133 1138 1141 1144 1142 1142 1138 1130 1129 1135 1135 1142 1138 1128 1116 1109 1109 1102 1099 1095 1091 1091 1088 1082 1080 1087 1087 1094 1102 1113 1123 1123 1132 1130
1059 1056 1053 1054 1054 1049 1038 1033 1031 1031 1030 1030 1028 1025 1025 1026 1027 1023 1014 1006 1006 1000 995 993 992 992 994 993 987 987 987 994 1001 1002 1001 1001 1003 1007 1021 1038 1048 1048 1060 1071 1080 1088 1088 1102 1112 1121 1127 1127 1133 1136 1134 1132 1132 1126 1124 1126 1134 1134 1140 1138 1131 1121 1113 1113 1104 1101 1097 1091 1091 1084 1078 1078 1086 1086 1095 1104 1114 1122 1122 1128 1127
1045 1040 1044 1046 1046 1042 1036 1031 1027 1027 1025 1025 1023 1021 1021 1021 1023 1022 1015 1004 1004 1001 994 989 989 989 987 980 979 980 980 983 991 995 996 996 1000 1009 1026 1036 1044 1044 1055 1064 1073 1084 1084 1094 1104 1114 1118 1118 1125 1126 1124 1121 1121 1118 1121 1127 1135 1135 1142 1141 1137 1128 1121 1121 1112 1106 1104 1094 1094 1084 1077 1074 1082 1082 1095 1104 1111 1118 1118 1125 1124
1040 1034 1036 1039 1039 1039 1034 1027 1022 1022 1021 1022 1021 1020 1020 1019 1019 1019 1012 1005 1005 1002 997 990 985 985 980 975 972 974 974 977 981 989 995 995 1000 1008 1024 1031 1041 1041 1052 1061 1072 1080 1080 1090 1099 1106 1113 1113 1120 1121 1118 1114 1114 1114 1117 1127 1136 1136 1142 1144 1140 1137 1130 1130 1118 1114 1109 1097 1097 1086 1078 1075 1079 1079 1089 1102 1109 1116 1116 1121 1119
1036 1031 1032 1036 1036 1036 1031 1023 1019 1019 1017 1017 1018 1019 1019 1017 1015 1013 1009 1006 1006 1005 1000 995 988 988 980 968 967 970 970 972 978 990 998 998 1008 1018 1026 1031 1037 1037 1047 1057 1067 1077 1077 1086 1092 1099 1108 1108 1117 1117 1114 1110 1110 1109 1115 1127 1138 1138 1144 1144 1143 1140 1133 1133 1124 1118 1112 1098 1098 1088 1077 1074 1081 1081 1089 1099 1107 1113 1113 1117 1112
1036 1031 1032 1036 1036 1036 1031 1023 1019 1019 1017 1017 1018 1019 1019 1017 1015 1013 1009 1006 1006 1005 1000 995 988 988 980 968 967 970 970 972 978 990 998 998 1008 1018 1026 1031 1037 1037 1047 1057 1067 1077 1077 1086 1092 1099 1108 1108 1117 1117 1114 1110 1110 1109 1115 1127 1138 1138 1144 1144 1143 1140 1133 1133 1124 1118 1112 1098 1098 1088 1077 1074 1081 1081 1089 1099 1107 1113 1113 1117 1112
1033 1026 1027 1030 1030 1032 1028 1021 1016 1016 1011 1010 1013 1015 1015 1014 1010 1009 1007 1005 1005 1004 1002 1001 994 994 983 968 964 967 967 968 977 991 1003 1003 1013 1024 1032 1036 1040 1040 1049 1057 1063 1074 1074 1084 1088 1095 1105 1105 1112 1113 1108 1105 1105 1106 1114 1124 1134 1134 1140 1144 1146 1144 1134 1134 1124 1116 1109 1099 1099 1088 1077 1075 1080 1080 1086 1094 1101 1109 1109 1108 1105
1030 1022 1022 1025 1025 1026 1025 1020 1012 1012 1005 1003 1006 1011 1011 1012 1008 1007 1004 1002 1002 1002 1004 1005 999 999 982 970 964 966 966 969 976 993 1002 1002 1015 1025 1031 1038 1045 1045 1053 1059 1064 1072 1072 1080 1087 1092 1100 1100 1107 1107 1104 1101 1101 1104 1111 1123 1135 1135 1139 1143 1144 1141 1131 1131 1121 1112 1104 1096 1096 1087 1077 1073 1077 1077 1083 1090 1092 1091 1091 1093 1091
1026 1020 1018 1020 1020 1022 1021 1018 1009 1009 998 997 1001 1006 1006 1011 1008 1005 1000 999 999 1001 1003 1000 992 992 981 970 963 963 963 966 976 986 997 997 1010 1017 1027 1033 1038 1038 1047 1053 1059 1065 1065 1074 1083 1088 1097 1097 1102 1103 1100 1098 1098 1098 1105 1123 1135 1135 1138 1138 1137 1132 1126 1126 1116 1107 1099 1089 1089 1083 1074 1071 1074 1074 1079 1081 1082 1083 1083 1081 1077
1024 1017 1014 1014 1014 1017 1018 1015 1005 1005 993 992 997 1003 1003 1005 1007 1003 997 996 996 999 998 990 981 981 973 967 960 958 958 964 976 983 993 993 1000 1008 1016 1023 1028 1028 1037 1044 1050 1057 1057 1066 1076 1085 1094 1094 1098 1099 1097 1095 1095 1095 1106 1120 1131 1131 1130 1126 1123 1123 1120 1120 1110 1100 1090 1082 1082 1076 1068 1069 1070 1070 1068 1065 1068 1071 1071 1072 1069
1024 1017 1014 1014 1014 1017 1018 1015 1005 1005 993 992 997 1003 1003 1005 1007 1003 997 996 996 999 998 990 981 981 973 967 960 958 958 964 976 983 993 993 1000 1008 1016 1023 1028 1028 1037 1044 1050 1057 1057 1066 1076 1085 1094 1094 1098 1099 1097 1095 1095 1095 1106 1120 1131 1131 1130 1126 1123 1123 1120 1120 1110 1100 1090 1082 1082 1076 1068 1069 1070 1070 1068 1065 1068 1071 1071 1072 1069
