uploads/dem_lem.asc
ncols         1338
nrows         631
xllcorner     773374.43166491
yllcorner     9236949.7381753
cellsize      25
NODATA_value  -9999
[rows 494 to 531 of 631, columns 0 to 84 of 1338]
657 657 658 658 657 656 656 654 654 654 652 652 649 646 646 648 652 653 655 655 655 656 655 650 650 646 642 642 644 644 643 644 651 655 656 656 656 656 657 659 659 659 658 658 659 659 661 662 662 661 661 660 659 658 658 658 659 662 663 663 664 664 664 662 660 658 658 656 656 657 658 658 658 660 663 667 667 669 668 668 667 668 668 670 670
658 657 656 656 655 654 654 653 651 651 651 651 650 648 648 647 649 650 654 654 656 656 654 653 653 650 646 645 646 646 645 646 651 654 656 656 657 658 658 659 659 659 658 659 662 662 663 661 661 659 659 657 656 655 656 656 655 658 660 662 663 663 663 661 659 656 656 654 654 654 654 654 658 660 663 666 666 667 667 666 665 666 666 668 668
659 656 655 655 654 653 652 651 650 650 648 649 649 646 646 646 648 651 655 655 657 656 653 651 651 650 649 647 647 647 648 648 649 650 654 654 657 658 658 658 658 658 658 659 662 662 659 658 658 656 656 654 652 655 656 656 654 654 657 660 662 662 661 661 657 652 652 651 651 652 654 654 658 663 666 666 666 666 665 665 667 668 668 669 670
657 656 655 655 653 651 650 649 647 647 647 647 646 644 644 643 645 650 655 655 656 654 652 650 650 649 649 648 646 646 647 648 648 651 653 653 656 657 657 657 657 656 654 654 654 654 653 654 656 656 656 656 658 661 663 663 662 660 658 660 661 661 660 659 656 652 652 650 653 653 658 658 662 665 666 665 665 665 665 666 669 671 671 672 670
657 656 655 655 653 651 650 649 647 647 647 647 646 644 644 643 645 650 655 655 656 654 652 650 650 649 649 648 646 646 647 648 648 651 653 653 656 657 657 657 657 656 654 654 654 654 653 654 656 656 656 656 658 661 663 663 662 660 658 660 661 661 660 659 656 652 652 650 653 653 658 658 662 665 666 665 665 665 665 666 669 671 671 672 670
657 657 655 655 652 650 650 648 646 646 646 646 645 644 644 643 645 651 656 656 656 654 653 651 651 649 648 647 645 645 644 645 646 649 652 652 653 652 654 653 653 651 649 650 649 649 649 651 656 659 659 662 665 668 668 668 669 665 662 661 660 660 660 661 660 658 658 657 655 657 659 659 662 664 665 666 666 666 664 666 669 672 672 673 668
654 655 656 656 654 652 652 651 648 648 647 645 646 646 646 644 644 650 656 656 657 656 655 650 650 648 648 648 647 647 645 644 644 646 649 649 648 645 648 649 649 647 648 648 649 649 651 655 660 663 663 664 666 667 667 667 666 665 666 666 663 663 662 663 665 666 666 664 663 661 662 662 661 661 663 666 666 666 666 670 674 675 675 672 669
652 654 655 655 654 655 654 652 649 649 647 646 646 645 645 642 642 648 655 655 655 655 655 650 650 648 649 649 650 650 649 646 644 646 646 646 644 644 647 650 650 651 651 652 654 654 657 661 663 663 663 664 664 665 665 665 663 665 667 668 666 666 665 665 666 667 667 666 665 665 665 665 664 662 664 667 667 665 666 672 674 674 674 672 672
650 652 653 653 654 655 655 652 650 650 650 650 649 644 644 640 641 647 652 652 652 653 655 653 653 650 649 650 651 651 650 646 645 645 646 646 646 648 652 655 655 655 657 657 658 658 661 663 663 663 663 662 663 663 663 663 663 665 666 665 665 665 665 665 666 666 666 664 663 664 665 665 666 665 666 666 666 667 667 668 671 672 672 672 671
650 652 653 653 654 655 655 652 650 650 650 650 649 644 644 640 641 647 652 652 652 653 655 653 653 650 649 650 651 651 650 646 645 645 646 646 646 648 652 655 655 655 657 657 658 658 661 663 663 663 663 662 663 663 663 663 663 665 666 665 665 665 665 665 666 666 666 664 663 664 665 665 666 665 666 666 666 667 667 668 671 672 672 672 671
648 650 653 653 654 655 655 654 654 654 654 652 649 645 645 642 641 645 647 647 648 652 656 656 656 652 650 649 650 650 649 647 644 642 644 644 648 653 656 655 655 656 658 659 662 662 662 662 661 661 661 661 661 662 663 663 663 664 664 664 665 665 665 665 665 664 664 661 662 663 665 665 667 668 667 668 668 668 667 667 668 669 669 670 669
645 649 653 653 654 655 655 656 657 657 656 654 651 649 649 645 642 643 642 642 645 650 653 655 655 655 652 651 650 650 651 649 645 643 645 645 649 654 656 655 655 658 661 663 664 664 662 659 658 659 659 660 661 661 661 661 662 662 663 665 666 666 667 666 664 663 663 662 664 664 665 665 668 668 668 669 669 669 669 668 666 667 667 668 668
644 648 652 652 652 654 655 655 656 656 657 656 654 651 651 648 646 644 642 642 643 646 649 654 654 655 655 652 651 651 651 649 646 644 645 645 649 652 654 656 656 660 662 662 663 663 660 658 657 658 658 660 660 660 660 660 661 662 663 665 666 666 667 666 666 666 666 667 667 666 666 666 667 669 669 669 669 669 669 667 665 666 666 668 667
643 648 650 650 651 654 655 654 655 655 657 656 654 651 651 648 648 646 645 645 644 642 646 650 650 652 654 654 652 652 650 646 645 644 645 645 648 650 652 655 655 658 658 659 659 659 658 658 658 658 658 659 658 659 660 660 661 661 661 663 665 665 664 664 665 667 667 668 667 667 667 667 668 669 668 667 667 667 668 668 666 668 668 668 666
643 645 648 648 652 655 655 655 656 656 657 656 653 649 649 647 646 646 646 646 645 640 641 645 645 648 652 655 655 655 650 646 644 642 644 644 649 652 652 654 654 656 658 658 657 657 658 658 658 659 659 659 658 659 661 661 660 660 661 662 663 663 663 661 663 667 667 666 666 666 667 667 668 668 667 666 666 667 668 668 668 668 668 667 663
643 645 648 648 652 655 655 655 656 656 657 656 653 649 649 647 646 646 646 646 645 640 641 645 645 648 652 655 655 655 650 646 644 642 644 644 649 652 652 654 654 656 658 658 657 657 658 658 658 659 659 659 658 659 661 661 660 660 661 662 663 663 663 661 663 667 667 666 666 666 667 667 668 668 667 666 666 667 668 668 668 668 668 667 663
644 645 648 648 650 653 655 655 656 656 657 656 652 649 649 647 645 645 646 646 644 641 641 646 646 648 652 655 655 655 651 645 643 642 644 644 651 655 656 657 657 659 660 660 659 659 659 659 658 660 660 660 659 660 661 661 661 661 662 662 664 664 664 662 664 665 665 666 665 667 670 670 670 669 667 667 667 667 667 666 664 664 664 662 658
644 644 648 648 650 652 654 655 655 655 657 656 655 652 652 648 644 643 643 643 643 643 646 649 649 649 651 653 654 654 652 646 643 643 643 643 647 651 656 660 660 661 661 660 660 660 660 660 660 661 661 660 659 658 660 660 662 662 663 664 665 665 666 664 663 664 664 664 665 665 667 667 668 669 668 668 668 667 666 665 662 659 659 657 657
640 643 646 646 649 652 655 655 655 655 656 655 654 652 652 648 643 640 640 640 641 645 649 649 649 647 648 650 652 652 651 647 644 642 642 642 642 647 656 661 661 662 661 660 660 660 661 661 662 662 662 661 657 656 659 659 661 662 664 665 667 667 666 664 662 661 661 663 664 665 665 665 666 667 667 667 667 666 663 660 658 657 657 659 661
639 642 644 644 647 650 653 654 652 652 652 652 650 649 649 645 642 639 641 641 644 648 652 648 648 645 645 646 648 648 649 647 645 644 643 643 640 645 656 662 662 662 660 660 661 661 662 661 662 664 664 663 658 658 660 660 662 664 665 666 667 667 666 665 663 663 663 664 665 666 666 666 665 665 665 663 663 661 659 656 657 660 660 662 664
639 642 644 644 647 650 653 654 652 652 652 652 650 649 649 645 642 639 641 641 644 648 652 648 648 645 645 646 648 648 649 647 645 644 643 643 640 645 656 662 662 662 660 660 661 661 662 661 662 664 664 663 658 658 660 660 662 664 665 666 667 667 666 665 663 663 663 664 665 666 666 666 665 665 665 663 663 661 659 656 657 660 660 662 664
641 640 642 642 644 648 650 651 648 648 648 649 648 645 645 644 642 640 642 642 646 651 651 646 646 643 642 644 645 645 646 646 645 643 641 641 642 647 653 657 657 657 657 660 661 661 661 660 663 668 668 666 663 662 663 663 664 664 665 665 665 665 665 664 665 665 665 665 665 666 666 666 666 666 664 662 662 661 659 658 660 663 663 664 665
643 642 642 642 643 647 648 647 644 644 645 647 646 644 644 642 640 640 644 644 649 651 648 643 643 640 638 642 643 643 645 645 644 642 642 642 645 646 651 654 654 654 656 659 660 660 659 660 664 668 668 667 665 664 664 664 663 664 664 664 663 663 663 664 665 665 665 665 665 665 666 666 666 665 663 661 661 660 658 659 662 664 664 664 666
644 643 641 641 642 645 646 645 643 643 646 648 645 643 643 641 641 644 648 648 650 652 651 647 647 639 635 640 642 642 643 643 642 641 644 644 646 646 649 652 652 652 654 658 660 660 660 660 664 667 667 666 664 663 662 662 662 663 663 662 662 662 662 664 665 665 665 666 666 665 665 665 663 661 660 659 659 658 659 662 665 665 665 665 666
644 641 637 637 638 640 643 645 646 646 647 646 643 642 642 642 645 650 651 651 652 654 655 650 650 640 636 637 639 639 641 641 640 641 646 646 649 648 650 655 655 656 657 660 662 662 661 659 661 664 664 665 664 661 659 659 660 662 662 661 661 661 662 663 664 665 665 667 666 665 664 664 661 659 658 659 659 658 661 665 666 665 665 665 666
644 641 637 637 638 640 643 645 646 646 647 646 643 642 642 642 645 650 651 651 652 654 655 650 650 640 636 637 639 639 641 641 640 641 646 646 649 648 650 655 655 656 657 660 662 662 661 659 661 664 664 665 664 661 659 659 660 662 662 661 661 661 662 663 664 665 665 667 666 665 664 664 661 659 658 659 659 658 661 665 666 665 665 665 666
644 640 637 637 638 639 642 646 647 647 646 645 642 644 644 645 648 652 654 654 655 655 654 650 650 644 638 636 637 637 639 639 638 642 648 648 650 649 653 662 662 662 662 661 660 660 659 659 660 662 662 664 663 661 659 659 659 660 661 660 660 660 661 662 663 665 665 667 667 665 664 664 660 656 658 662 662 661 662 664 666 666 666 666 666
644 643 645 645 645 644 644 646 647 647 647 648 648 648 648 650 652 654 656 656 657 656 652 647 647 642 638 634 635 635 638 639 642 645 648 648 649 650 656 661 661 662 661 659 657 657 657 659 660 661 661 662 661 660 658 658 657 659 661 660 659 659 660 660 660 663 663 665 666 665 663 663 658 655 658 663 663 664 662 662 665 666 666 665 665
646 647 651 651 652 649 648 649 648 648 649 653 654 653 653 654 656 656 656 656 657 656 650 646 646 642 639 635 634 634 639 643 647 648 646 646 648 652 656 658 658 658 658 656 656 656 657 659 660 661 661 661 660 657 656 656 657 658 659 659 659 659 659 659 659 660 660 662 663 663 662 662 659 658 660 665 665 665 662 662 664 665 665 665 665
649 650 653 653 655 653 651 652 651 651 652 655 656 657 657 658 660 658 655 655 655 653 650 647 647 645 639 635 637 637 642 646 648 646 643 643 647 655 658 659 659 657 656 655 655 655 656 657 659 659 659 660 659 657 656 656 657 659 659 660 659 659 659 659 658 660 660 661 660 660 659 659 659 660 663 665 665 665 664 664 665 665 665 666 666
649 650 653 653 655 653 651 652 651 651 652 655 656 657 657 658 660 658 655 655 655 653 650 647 647 645 639 635 637 637 642 646 648 646 643 643 647 655 658 659 659 657 656 655 655 655 656 657 659 659 659 660 659 657 656 656 657 659 659 660 659 659 659 659 658 660 660 661 660 660 659 659 659 660 663 665 665 665 664 664 665 665 665 666 666
652 652 653 653 655 656 657 655 652 652 653 656 658 659 659 661 661 659 655 655 653 652 649 646 646 644 639 639 639 639 642 645 645 644 645 645 651 656 659 659 659 658 657 657 655 655 654 654 654 656 656 659 659 658 658 658 659 660 661 661 659 659 659 659 658 658 658 658 658 659 659 659 661 662 667 668 668 667 666 666 666 666 666 666 667
655 652 653 653 655 657 657 653 651 651 653 656 658 659 659 661 661 659 655 655 653 652 651 647 647 643 639 638 638 638 638 644 645 648 652 652 656 659 659 658 658 657 657 656 653 653 650 650 651 654 654 657 658 659 660 660 660 660 660 660 658 658 657 657 654 654 654 656 658 661 663 663 663 666 667 668 668 667 666 665 665 666 666 666 666
656 655 654 654 655 656 655 651 651 651 653 655 656 658 658 659 659 658 657 657 653 653 652 649 649 644 638 638 638 638 638 645 648 653 659 659 660 660 660 658 658 656 654 652 650 650 649 651 654 656 656 657 657 658 659 659 659 659 657 656 655 655 654 655 652 653 653 656 661 664 665 665 665 666 667 667 667 666 664 664 664 665 665 666 667
657 657 656 656 655 656 654 651 651 651 653 655 656 656 656 657 657 657 655 655 652 651 651 646 646 643 638 638 638 638 638 647 652 657 659 659 658 659 658 657 657 653 651 650 650 650 650 653 656 656 656 655 653 654 655 655 655 654 653 653 651 651 653 656 655 656 656 661 663 665 665 665 665 665 666 666 666 665 664 663 663 664 664 666 668
657 657 656 656 655 656 654 651 651 651 653 655 656 656 656 657 657 657 655 655 652 651 651 646 646 643 638 638 638 638 638 647 652 657 659 659 658 659 658 657 657 653 651 650 650 650 650 653 656 656 656 655 653 654 655 655 655 654 653 653 651 651 653 656 655 656 656 661 663 665 665 665 665 665 666 666 666 665 664 663 663 664 664 666 668
657 657 655 655 654 655 654 652 652 652 653 654 655 655 655 656 655 653 650 650 648 646 644 641 641 638 638 638 638 638 644 651 655 655 655 655 655 655 655 652 652 650 649 649 651 651 652 653 655 654 654 652 650 649 650 650 649 648 650 651 652 652 656 658 657 660 660 664 665 665 664 664 663 663 665 665 665 665 664 664 663 665 665 666 667
656 655 653 653 652 651 651 652 651 651 651 651 653 655 655 655 654 651 647 647 641 639 639 638 638 638 638 638 643 643 647 652 655 654 654 654 653 649 648 646 646 646 649 650 650 650 652 652 653 652 652 650 648 648 649 649 648 647 650 651 656 656 659 660 661 663 663 665 666 665 663 663 662 662 663 666 666 665 665 664 664 665 665 665 666
