uploads/dem_lem.asc
ncols         1338
nrows         631
xllcorner     773374.43166491
yllcorner     9236949.7381753
cellsize      25
NODATA_value  -9999
[rows 494 to 531 of 631, columns 170 to 254 of 1338]
706 708 709 709 710 711 711 711 713 715 716 716 716 716 718 719 719 721 723 725 722 722 716 712 713 713 713 714 715 717 719 718 718 716 714 716 715 715 717 719 720 720 720 719 717 719 720 720 720 720 720 721 721 723 725 727 729 735 735 738 738 739 738 738 738 737 736 735 735 738 743 746 747 747 751 754 756 754 752 752 752 752 752 753 753
707 709 709 710 710 711 711 712 714 717 717 717 717 719 720 720 720 721 722 724 721 721 720 719 718 717 717 718 717 719 719 718 718 715 712 712 711 711 710 715 717 718 718 717 718 720 721 721 722 721 720 722 722 722 724 728 733 739 739 741 740 740 741 741 741 740 740 742 742 744 747 748 749 749 751 753 754 753 752 752 751 750 750 750 750
707 709 710 711 712 712 712 713 714 717 718 718 719 720 720 720 720 720 721 721 721 721 722 723 721 722 722 722 721 720 719 718 718 716 712 713 711 711 711 714 718 720 720 721 722 723 726 726 725 724 725 726 726 725 725 729 737 741 741 741 742 741 742 742 743 744 744 744 744 746 749 750 750 750 751 753 753 752 750 750 748 748 746 745 745
707 709 710 712 713 713 713 712 713 716 718 718 719 719 719 719 719 720 721 722 722 722 722 723 724 726 726 726 725 722 720 722 722 721 718 719 718 718 717 719 723 725 725 726 727 729 731 731 731 728 730 731 731 728 728 732 737 741 741 742 743 742 743 743 745 747 747 746 746 746 748 749 750 750 751 751 751 751 748 748 745 742 741 743 743
707 709 710 712 713 713 713 712 713 716 718 718 719 719 719 719 719 720 721 722 722 722 722 723 724 726 726 726 725 722 720 722 722 721 718 719 718 718 717 719 723 725 725 726 727 729 731 731 731 728 730 731 731 728 728 732 737 741 741 742 743 742 743 743 745 747 747 746 746 746 748 749 750 750 751 751 751 751 748 748 745 742 741 743 743
707 708 709 711 712 713 713 713 713 715 717 717 718 717 717 719 719 720 721 721 722 722 723 723 725 728 728 728 727 725 724 725 725 726 724 724 723 723 725 726 728 730 730 731 732 732 735 735 734 733 733 731 731 729 729 734 739 741 741 742 743 745 747 747 746 747 747 745 745 746 748 749 750 750 750 750 749 750 748 748 742 738 739 743 743
707 707 709 711 712 714 714 714 713 715 716 716 716 715 716 718 718 719 719 720 722 722 723 724 726 727 727 727 727 726 726 727 727 728 728 728 728 728 730 731 731 733 733 733 734 736 738 738 738 738 736 733 733 729 730 733 737 740 740 740 740 747 747 747 748 747 745 745 745 746 748 749 749 749 750 749 748 748 745 745 741 738 741 746 746
707 707 709 711 713 714 714 714 713 714 715 715 715 715 716 717 717 719 720 721 723 723 724 725 726 727 727 727 727 727 728 729 729 730 730 731 732 732 734 734 734 734 734 735 737 738 736 736 738 740 739 737 737 731 726 728 734 735 735 735 735 739 743 743 746 745 743 743 743 746 746 745 746 746 747 747 745 742 739 739 738 741 745 748 748
707 708 709 710 713 716 716 715 714 715 715 715 715 716 717 718 718 720 722 722 724 724 724 725 726 727 727 728 728 728 729 731 731 732 731 731 733 733 735 736 735 735 735 736 737 737 736 736 737 740 740 740 740 733 728 728 730 732 732 732 733 737 738 738 740 736 736 740 740 744 743 741 740 740 742 742 740 738 738 738 742 748 749 751 751
707 708 709 710 713 716 716 715 714 715 715 715 715 716 717 718 718 720 722 722 724 724 724 725 726 727 727 728 728 728 729 731 731 732 731 731 733 733 735 736 735 735 735 736 737 737 736 736 737 740 740 740 740 733 728 728 730 732 732 732 733 737 738 738 740 736 736 740 740 744 743 741 740 740 742 742 740 738 738 738 742 748 749 751 751
708 710 711 712 717 717 717 717 717 717 717 717 717 717 719 719 719 722 722 723 723 723 724 724 727 727 727 728 729 728 729 731 731 732 731 730 732 732 734 735 735 736 736 736 736 737 737 737 737 739 741 740 740 736 732 730 728 730 730 732 733 734 734 734 730 729 730 737 737 740 739 737 736 736 737 741 740 740 743 743 747 752 753 753 753
710 712 712 716 718 718 718 719 719 718 719 719 720 719 720 721 721 722 723 723 723 723 723 724 725 726 726 727 728 728 728 729 729 731 731 731 731 731 734 736 736 736 736 736 735 737 737 737 737 739 741 741 741 738 735 733 731 731 731 733 735 735 733 733 733 733 736 738 738 737 734 734 734 734 740 745 746 745 748 748 750 750 750 751 751
711 711 713 716 716 717 717 719 721 720 719 719 720 719 719 721 721 723 724 725 725 725 724 723 724 725 725 726 727 728 729 730 730 732 732 732 732 732 734 735 735 735 735 736 735 736 737 737 737 738 740 740 740 739 737 736 735 734 734 735 735 735 735 735 737 740 740 742 742 741 739 738 741 741 746 748 749 749 750 750 750 749 748 749 749
711 711 712 715 717 716 716 719 723 725 722 722 721 719 719 721 721 722 724 726 726 726 723 723 725 725 725 726 728 730 729 731 731 733 733 732 732 732 733 734 735 735 735 735 735 736 737 737 737 736 738 740 740 739 738 736 735 735 735 735 735 734 734 734 737 739 741 743 743 744 745 747 751 751 750 750 750 750 749 749 749 749 748 749 749
710 711 712 714 717 714 714 716 721 724 723 723 721 716 717 720 720 721 724 725 724 724 723 724 725 726 726 726 728 730 730 730 730 731 731 731 731 731 733 734 736 736 736 736 735 736 738 738 738 737 737 738 738 738 737 734 733 732 732 732 733 733 733 733 735 738 740 744 744 745 744 749 752 752 750 750 752 750 749 749 750 751 749 749 749
710 711 712 714 717 714 714 716 721 724 723 723 721 716 717 720 720 721 724 725 724 724 723 724 725 726 726 726 728 730 730 730 730 731 731 731 731 731 733 734 736 736 736 736 735 736 738 738 738 737 737 738 738 738 737 734 733 732 732 732 733 733 733 733 735 738 740 744 744 745 744 749 752 752 750 750 752 750 749 749 750 751 749 749 749
707 710 712 713 713 712 712 713 715 717 720 720 718 715 716 718 718 720 721 722 721 721 721 722 723 725 725 725 724 728 729 728 728 726 727 729 731 731 732 733 736 737 737 734 733 735 738 738 737 736 735 734 734 733 732 729 729 729 729 729 731 734 734 734 734 734 739 744 744 745 744 747 750 750 750 750 752 752 750 750 750 750 748 747 747
706 707 710 711 711 708 708 710 713 714 715 715 716 716 716 718 718 718 719 718 719 719 719 720 721 724 724 725 724 726 727 725 725 724 726 729 730 730 732 730 731 731 731 730 729 730 734 734 734 733 731 729 729 727 725 724 727 734 734 733 734 736 735 735 733 732 734 740 740 742 742 744 746 746 747 749 750 749 746 746 746 745 744 745 745
704 706 708 709 707 705 705 708 713 713 715 715 716 716 717 717 717 717 717 717 717 717 718 718 720 722 722 725 724 723 723 724 724 724 726 727 729 729 726 723 724 725 725 724 723 726 726 726 725 726 725 724 724 725 724 727 732 738 738 739 737 737 737 737 737 734 733 734 734 735 738 740 742 742 742 744 745 741 740 740 739 741 743 745 745
704 703 706 708 706 707 707 711 712 713 714 714 716 717 717 717 717 717 717 717 718 718 717 716 718 719 719 720 719 720 721 722 722 721 722 723 723 723 720 720 720 721 721 721 720 724 725 725 725 726 726 725 725 729 734 737 738 739 739 740 740 740 740 740 740 738 735 732 732 733 735 737 738 738 739 740 739 738 739 739 741 744 745 745 745
704 703 706 708 706 707 707 711 712 713 714 714 716 717 717 717 717 717 717 717 718 718 717 716 718 719 719 720 719 720 721 722 722 721 722 723 723 723 720 720 720 721 721 721 720 724 725 725 725 726 726 725 725 729 734 737 738 739 739 740 740 740 740 740 740 738 735 732 732 733 735 737 738 738 739 740 739 738 739 739 741 744 745 745 745
703 703 705 707 709 710 710 712 712 712 714 714 716 716 717 717 717 717 718 717 718 718 717 717 717 717 717 716 715 718 719 720 720 718 718 718 718 718 717 716 718 720 720 723 726 729 730 730 729 733 733 734 734 737 739 741 741 740 740 742 742 742 742 742 742 741 738 736 736 737 739 740 740 740 741 740 740 740 744 744 746 746 746 747 747
705 705 706 707 709 710 710 711 711 711 713 713 715 716 715 716 716 716 717 716 716 716 716 716 715 715 715 716 714 715 717 716 716 715 714 713 714 714 714 716 718 723 723 729 734 735 735 735 734 737 739 738 738 739 739 740 742 742 742 742 743 744 743 743 743 742 740 739 739 740 742 745 745 745 745 743 744 745 748 748 750 749 749 749 749
705 706 706 708 709 710 710 710 710 711 713 713 714 714 715 714 714 715 715 713 713 713 712 710 710 711 711 714 714 715 715 715 715 715 712 713 716 716 721 722 724 728 728 734 736 737 736 736 736 737 739 739 739 740 738 740 742 742 742 742 744 745 743 743 743 743 742 742 742 742 744 745 746 746 747 746 748 749 750 750 750 751 750 750 750
703 704 705 708 710 709 709 709 710 712 713 713 713 714 715 715 715 714 713 710 707 707 706 706 707 710 710 713 714 716 716 717 717 718 716 719 725 725 727 727 728 731 731 733 735 737 737 737 739 739 739 739 739 739 738 740 742 742 742 743 746 746 744 744 743 744 745 745 745 743 744 746 747 747 747 748 749 750 750 750 750 751 750 750 750
703 704 705 708 710 709 709 709 710 712 713 713 713 714 715 715 715 714 713 710 707 707 706 706 707 710 710 713 714 716 716 717 717 718 716 719 725 725 727 727 728 731 731 733 735 737 737 737 739 739 739 739 739 739 738 740 742 742 742 743 746 746 744 744 743 744 745 745 745 743 744 746 747 747 747 748 749 750 750 750 750 751 750 750 750
701 701 703 706 707 707 707 708 710 713 712 712 712 714 714 715 715 714 711 707 703 703 703 705 709 713 713 714 714 715 715 717 717 718 719 724 729 729 731 731 731 733 733 733 735 737 739 739 741 740 739 739 739 738 738 740 741 743 743 745 746 746 743 743 742 744 747 745 745 743 744 746 747 747 747 748 749 750 751 751 751 750 750 749 749
698 699 700 704 706 706 706 707 710 711 711 711 712 712 711 712 712 712 708 703 701 701 704 706 710 714 714 714 713 713 713 715 715 718 720 725 728 728 730 732 732 733 733 733 735 736 738 738 740 741 740 740 740 738 737 738 741 743 743 745 746 745 744 744 744 746 747 745 745 743 745 747 747 747 747 748 749 750 751 751 752 751 751 751 751
697 699 700 702 703 703 703 705 707 709 711 711 711 709 707 709 709 706 702 701 701 701 702 705 709 714 714 715 714 713 713 714 714 717 721 722 725 725 728 731 732 732 732 733 734 736 738 738 739 740 740 739 739 737 736 738 741 744 744 746 746 745 745 745 747 748 748 746 746 744 746 747 747 747 747 748 749 750 750 750 752 751 751 752 752
696 697 700 700 700 698 698 700 703 706 708 708 708 706 704 704 704 702 700 703 701 701 702 705 710 715 715 719 717 716 717 719 719 722 724 724 724 724 729 730 729 730 730 732 734 736 738 738 739 738 739 738 738 737 738 740 742 745 745 746 745 744 746 746 748 749 749 748 748 746 747 748 747 747 747 749 750 750 750 750 748 748 749 751 751
696 697 700 700 700 698 698 700 703 706 708 708 708 706 704 704 704 702 700 703 701 701 702 705 710 715 715 719 717 716 717 719 719 722 724 724 724 724 729 730 729 730 730 732 734 736 738 738 739 738 739 738 738 737 738 740 742 745 745 746 745 744 746 746 748 749 749 748 748 746 747 748 747 747 747 749 750 750 750 750 748 748 749 751 751
693 695 698 698 696 695 695 697 699 703 704 704 705 705 703 701 701 699 700 704 705 705 705 711 711 717 717 722 722 720 723 726 726 728 728 730 732 732 733 731 729 729 729 731 733 735 737 737 738 739 739 738 738 738 739 741 743 746 746 746 745 745 746 746 748 749 750 749 749 748 748 749 748 748 748 749 751 752 749 749 746 747 748 751 751
694 695 696 696 696 696 696 696 696 700 701 701 702 703 703 703 703 701 706 707 708 708 712 715 718 722 722 727 728 727 726 728 728 730 731 735 737 737 735 732 731 730 730 730 731 734 735 735 737 738 739 739 739 740 741 742 744 746 746 746 745 745 746 746 748 749 750 750 750 749 749 749 748 748 748 749 752 752 750 750 747 747 748 751 751
696 697 697 695 696 697 697 697 697 699 700 700 700 702 704 706 706 709 712 715 718 718 719 721 727 730 730 734 735 733 731 731 731 731 732 735 738 738 737 737 736 735 735 733 735 735 736 736 735 736 736 737 737 740 742 743 745 746 746 746 744 744 745 745 747 749 749 750 750 749 749 749 749 749 749 750 751 751 750 750 747 746 747 749 749
697 697 695 695 696 698 698 699 700 701 702 702 704 706 710 712 712 714 720 728 728 728 728 730 734 739 739 745 744 742 738 737 737 735 736 740 742 742 742 742 741 740 740 740 740 740 740 740 738 734 733 735 735 739 742 744 745 746 746 746 744 745 746 746 747 748 749 750 750 750 750 749 749 749 749 749 749 750 748 748 746 745 745 746 746
697 697 695 695 696 698 698 699 700 701 702 702 704 706 710 712 712 714 720 728 728 728 728 730 734 739 739 745 744 742 738 737 737 735 736 740 742 742 742 742 741 740 740 740 740 740 740 740 738 734 733 735 735 739 742 744 745 746 746 746 744 745 746 746 747 748 749 750 750 750 750 749 749 749 749 749 749 750 748 748 746 745 745 746 746
697 697 695 696 698 698 698 700 703 705 706 706 706 709 712 716 716 719 723 728 734 734 737 739 741 748 748 751 754 752 750 747 747 745 745 746 745 745 745 745 746 746 746 747 745 743 745 745 742 734 733 735 735 737 741 743 744 745 745 744 744 746 748 748 748 747 747 748 748 749 749 748 748 748 748 747 747 747 746 746 745 745 745 746 746
694 695 696 698 700 700 700 701 704 707 708 708 707 709 713 718 718 722 724 732 736 736 742 746 752 756 756 762 764 766 768 764 764 757 755 753 751 751 747 749 750 751 751 751 748 745 745 745 744 739 739 738 738 737 739 740 742 744 744 743 744 747 748 748 747 747 746 746 746 747 747 748 748 748 748 747 746 745 745 745 747 748 747 747 747
